1.0000 1.0000000 1.0000000 1.0000000 1.0000000 1.0000000
0.9900 0.1434224 0.3065677 0.7717888 0.7329049 0.6264967
0.9800 -0.0854685 -0.0179017 0.5943851 0.5572489 0.4340351
0.9766 -0.1079755 -0.0692432 0.5532739 0.5094671 0.3849773
0.9688 -0.1224381 -0.1243259 0.4923424 0.4171330 0.2934833
0.9609 -0.1133280 -0.1306687 0.4644843 0.3437034 0.2238131
0.9531 -0.0963436 -0.1168129 0.4543291 0.2868399 0.1718226
0.8516 0.0097056 0.0553516 0.3481987 0.0756963 0.0025374
0.7344 0.0380480 0.1164139 0.1998386 0.0282812 -0.0143177
0.6172 0.0420109 0.0733273 0.0743445 -0.0188496 -0.0391799
0.5000 0.0038978 -0.0041357 -0.0403805 -0.0842118 -0.0824402
0.4531 -0.0150788 -0.0384615 -0.0849425 -0.1221450 -0.0944318
0.2813 -0.0521703 -0.1345297 -0.2472328 -0.1457552 -0.0164953
0.1719 -0.0117296 -0.0589923 -0.3545135 -0.0156394 0.0001737
0.1016 0.0060391 -0.0007879 -0.4274977 0.0124204 0.0068169
0.0703 0.0075951 0.0107202 -0.3742030 0.0235623 0.0090062
0.0625 0.0075358 0.0121352 -0.3483073 0.0247981 0.0089169
0.0547 0.0073164 0.0129803 -0.3188175 0.0250771 0.0085156
0.0400 0.0064435 0.0129799 -0.2563321 0.0226762 0.0069368
0.0300 0.0054544 0.0116973 -0.2085355 0.0188549 0.0053518
0.0200 0.0040811 0.0092349 -0.1527752 0.0135146 0.0035194
0.0100 0.0022713 0.0054123 -0.0842063 0.0070656 0.0016491
0.0000 0.0000000 0.0000000 0.0000000 0.0000000 0.0000000