1.0000 0.0000000 0.0000000 0.0000000 0.0000000 0.0000000
0.9950 0.0009453 0.0035232 -0.0469896 -0.3379041 -0.5753385
0.9900 0.0018905 0.0066348 -0.1039195 -0.5755680 -0.2987087
0.9800 0.0036859 0.0117783 -0.2379860 -0.6929427 -0.1107409
0.9700 0.0052836 0.0157263 -0.3748432 -0.5609125 -0.0622121
0.9688 0.0054612 0.0161325 -0.3899442 -0.5430449 -0.0587865
0.9609 0.0065621 0.0184981 -0.4760871 -0.4383982 -0.0420171
0.9531 0.0075515 0.0203728 -0.5328728 -0.3587479 -0.0314032
0.9453 0.0084727 0.0218580 -0.5594828 -0.2976628 -0.0240064
0.9063 0.0126711 0.0239739 -0.4633788 -0.1473850 -0.0074252
0.8594 0.0150518 0.0102471 -0.3790584 -0.0978698 -0.0026303
0.8047 0.0047647 -0.0361811 -0.3155607 -0.0760994 -0.0014688
0.6800 -0.0550916 -0.1528883 -0.1723257 -0.0353062 -0.0005767
0.5000 -0.0008203 -0.0031878 0.0159682 0.0313727 0.0020024
0.3500 0.0453792 0.1136456 0.1699611 0.1162858 0.0062743
0.2344 0.0167205 0.0935394 0.2927453 0.1936169 0.0080027
0.2266 0.0146962 0.0871959 0.3013197 0.1960315 0.0079055
0.1563 0.0034643 0.0321042 0.3855220 0.1660768 0.0074874
0.0938 -0.0029393 0.0014853 0.4190397 0.0658783 0.0155230
0.0781 -0.0048158 -0.0054566 0.4018733 0.0423162 0.0209124
0.0703 -0.0056021 -0.0086283 0.3886347 0.0317902 0.0245964
0.0625 -0.0062083 -0.0114269 0.3725036 0.0220638 0.0292646
0.0400 -0.0064155 -0.0157244 0.3083658 -0.0011286 0.0532712
0.0300 -0.0055888 -0.0149807 0.2647949 -0.0081312 0.0750537
0.0200 -0.0041765 -0.0121774 0.2023102 -0.0115562 0.1142331
0.0100 -0.0022608 -0.0071839 0.1143948 -0.0095746 0.1824621
0.0000 0.0000000 0.0000000 0.0000000 0.0000000 0.0000000